0.011070 0.000000 0.000000 0.000000
0.044565 0.000000 0.000000 0.000000
0.078227 0.000000 0.000000 0.000000
0.117590 0.000000 0.000000 0.000000
0.151124 0.000000 0.000000 0.000000
0.185359 0.000000 0.000000 0.000000
0.220439 0.000000 0.000000 0.000000
0.254420 0.000000 0.000000 0.000000
0.288235 0.000000 0.000000 0.000000
0.321777 0.000000 0.000000 0.000000
0.355363 0.000000 0.000000 0.000000
0.389039 0.000000 0.000000 0.000000
0.423810 0.000000 0.000000 0.000000
0.459975 0.000000 0.000000 0.000000
0.496657 0.000000 0.000000 0.000000
0.530261 0.000000 0.000000 0.000000
0.563894 -1.432096 0.000000 0.000000
0.597378 -1.432096 0.000000 0.000000
0.632100 -1.432096 0.000000 0.000000
0.669742 -1.432096 0.000000 0.000000
0.703352 -1.432096 0.000000 0.000000
0.736973 -1.432096 0.000000 0.000000
0.770253 -1.432096 0.000000 0.000000
0.803890 -1.432096 0.000000 0.000000
0.838343 -1.193489 0.000000 0.000000
0.871760 -1.193489 0.000000 0.000000
0.905026 -1.193489 0.000000 0.000000
0.946320 -1.193489 0.000000 0.000000
0.980296 -1.198482 0.000000 0.000000
1.013726 -1.198482 0.000000 0.000000
1.050763 -1.198482 0.000000 0.000000
1.085591 -1.198482 0.000000 0.000000
1.119783 -1.193489 0.000000 0.000000
1.153192 -1.193489 0.000000 0.000000
1.186474 -1.193489 0.000000 0.000000
1.220162 -1.193489 0.000000 0.000000
1.254271 -1.193489 0.000000 0.000000
1.287690 -1.193489 0.000000 0.000000
1.321515 -1.193489 0.000000 0.000000
1.355255 -1.193489 0.000000 0.000000
1.388917 -1.193489 0.000000 0.000000
1.422338 -1.193489 0.000000 0.000000
1.457810 -1.193489 0.000000 0.000000
1.504132 -1.193489 0.000000 0.000000
1.540026 -1.193489 0.000000 0.000000
1.576133 -1.193489 0.000000 0.000000
1.613653 -1.193489 0.000000 0.000000
1.652731 -1.193489 0.000000 0.000000
1.695957 -1.193489 0.000000 0.000000
1.731938 -1.193489 0.000000 0.000000
1.766214 -1.193489 0.000000 0.000000
1.799602 -1.193489 0.000000 0.000000
1.832913 -1.193489 0.000000 0.000000
1.866702 -1.193489 0.000000 0.000000
1.900353 -1.193489 0.000000 0.000000
1.933771 -1.193489 0.000000 0.000000
1.967078 -1.193489 0.000000 0.000000
2.000821 -1.193489 0.000000 0.000000
2.034462 -1.193489 0.000000 0.000000
2.068043 -1.193489 0.000000 0.000000
2.103048 -1.193489 0.000000 0.000000
2.136788 -1.193489 0.000000 0.000000
2.170327 -1.193489 0.000000 0.000000
2.203718 -1.193489 0.000000 0.000000
2.237007 -1.193489 0.000000 0.000000
2.273037 -1.193489 0.000000 0.000000
2.306654 -1.193489 0.000000 0.000000
2.340075 -1.193489 0.000000 0.000000
2.373388 -1.193489 0.000000 0.000000
2.409937 -1.193489 0.000000 0.000000
2.443554 -1.193489 0.000000 0.000000
2.479658 -1.193489 0.000000 0.000000
2.515095 -1.193489 0.000000 0.000000
2.554630 -1.193489 0.000000 0.000000
2.590594 -1.193489 0.000000 0.000000
2.626458 -1.193489 0.000000 0.000000
2.662917 -1.193489 0.000000 0.000000
2.696331 -1.193489 0.000000 0.000000
2.729814 -1.193489 0.000000 0.000000
2.763569 -1.193489 0.000000 0.000000
2.797549 -1.193489 0.000000 0.000000
2.830978 -1.193489 0.000000 0.000000
2.864245 -1.193489 0.000000 0.000000
2.898061 -1.193489 0.000000 0.000000
2.932115 -1.193489 0.000000 0.000000
2.965529 -1.193489 0.000000 0.000000
3.002732 -1.193489 0.000000 0.000000
3.036384 -1.193489 0.000000 0.000000
3.070403 -1.193489 0.000000 0.000000
3.103793 -1.193489 0.000000 0.000000
3.137097 -1.193489 0.000000 0.000000
3.170874 -1.193489 0.000000 0.000000
3.204969 -1.193489 0.000000 0.000000
3.238389 -1.193489 0.000000 0.000000
3.275639 -1.193489 0.000000 0.000000
3.309362 -1.193489 0.000000 0.000000
3.343613 -1.193489 0.000000 0.000000
3.377051 -1.193489 0.000000 0.000000
3.412470 -1.193489 0.000000 0.000000
3.455762 -1.193489 0.000000 0.000000
3.491663 -1.193489 0.000000 0.000000
3.528141 -1.193489 0.000000 0.000000
3.565013 -1.193489 0.000000 0.000000
3.605760 -1.193489 0.000000 0.000000
3.643061 -1.193489 0.000000 0.000000
3.679039 -1.193489 0.000000 0.000000
3.714845 -1.193489 0.000000 0.000000
3.751882 -1.193489 0.000000 0.000000
3.787525 -1.193489 0.000000 0.000000
3.820816 -1.193489 0.000000 0.000000
3.854580 -1.193489 0.000000 0.000000
3.888195 -1.193489 0.000000 0.000000
3.921707 -1.193489 0.000000 0.000000
3.955418 -1.193489 0.000000 0.000000
3.989500 -1.193489 0.000000 0.000000
4.023043 -1.432096 0.000000 0.000000
4.056493 -1.432096 0.000000 0.000000
4.091164 -1.432096 0.000000 0.000000
4.124799 -1.432096 0.000000 0.000000
4.158467 -1.432096 0.000000 0.000000
4.192223 -1.432096 0.000000 0.000000
4.225692 -1.432096 0.000000 0.000000
4.262009 -1.432096 0.000000 0.000000
4.295607 -1.432096 0.000000 0.000000
4.329010 -1.432096 0.000000 0.000000
4.362408 -1.432096 0.000000 0.000000
4.398491 -1.432096 0.000000 0.000000
4.432063 -1.432096 0.000000 0.000000
4.465538 -1.432096 0.000000 0.000000
4.498883 -1.432096 0.000000 0.000000
4.539527 -1.432096 0.000000 0.000000
4.575474 -1.432096 0.000000 0.000000
4.612214 -1.193489 0.000000 0.000000
4.647627 -1.193489 0.000000 0.000000
4.681056 -1.193489 0.000000 0.000000
4.714644 -1.193489 0.000000 0.000000
4.748561 -1.193489 0.000000 0.000000
4.785110 -1.432096 0.000000 0.000000
4.819315 -1.432096 0.000000 0.000000
4.852812 -1.432096 0.000000 0.000000
4.886408 -1.432096 0.000000 0.000000
4.922348 -1.193489 0.000000 0.000000
4.955783 -1.193489 0.000000 0.000000
4.989274 -1.193489 0.000000 0.000000
5.022973 -1.193489 0.000000 0.000000
5.059798 -1.193489 0.000000 0.000000
5.094688 -1.193489 0.000000 0.000000
5.128314 -1.193489 0.000000 0.000000
5.161993 -1.193489 0.000000 0.000000
5.197584 -1.432096 0.000000 0.000000
5.231035 -1.432096 0.000000 0.000000
5.264531 -1.432096 0.000000 0.000000
5.298191 -1.432096 0.000000 0.000000
5.334273 -1.193489 0.000000 0.000000
5.369984 -1.193489 0.000000 0.000000
5.416917 -1.193489 0.000000 0.000000
5.452819 -1.193489 0.000000 0.000000
5.488672 -1.193489 0.000000 0.000000
5.526351 -1.432096 0.000000 0.000000
5.559762 -1.432096 0.000000 0.000000
5.593042 -1.432096 0.000000 0.000000
5.626750 -1.432096 0.000000 0.000000
5.660707 -1.432096 0.000000 0.000000
5.694180 -1.432096 0.000000 0.000000
5.727729 -1.432096 0.000000 0.000000
5.761356 -1.432096 0.000000 0.000000
5.795427 -1.193489 0.000000 0.000000
5.828816 -1.193489 0.000000 0.000000
5.862082 -1.193489 0.000000 0.000000
5.895806 -1.193489 0.000000 0.000000
5.929472 -1.432096 0.000000 0.000000
5.962887 -1.432096 0.000000 0.000000
5.999966 -1.432096 0.000000 0.000000
6.033703 -1.432096 0.000000 0.000000
6.067707 -1.193489 0.000000 0.000000
6.101111 -1.193489 0.000000 0.000000
6.134379 -1.193489 0.000000 0.000000
6.168185 -1.193489 0.000000 0.000000
6.201753 -1.432096 0.000000 0.000000
6.235206 -1.432096 0.000000 0.000000
6.272333 -1.432096 0.000000 0.000000
6.316299 -1.432096 0.000000 0.000000
6.352124 -1.432096 0.000000 0.000000
6.388649 -1.432096 0.000000 0.000000
6.425174 -1.432096 0.000000 0.000000
6.459781 -1.432096 0.000000 0.000000
6.495872 -1.432096 0.000000 0.000000
6.529519 -1.193489 0.000000 0.000000
6.563448 -1.193489 0.000000 0.000000
6.596800 -1.193489 0.000000 0.000000
6.633054 -1.193489 0.000000 0.000000
6.666748 -1.193489 0.000000 0.000000
6.701015 -1.193489 0.000000 0.000000
6.734398 -1.193489 0.000000 0.000000
6.770291 -1.193489 0.000000 0.000000
6.803980 -1.193489 0.000000 0.000000
6.838262 -1.193489 0.000000 0.000000
6.871600 -1.193489 0.000000 0.000000
6.905196 -1.193489 0.000000 0.000000
6.939390 -1.432096 0.000000 0.000000
6.974311 -1.432096 0.000000 0.000000
7.007824 -1.432096 0.000000 0.000000
7.041412 -1.432096 0.000000 0.000000
7.075187 -1.193489 0.000000 0.000000
7.111094 -1.193489 0.000000 0.000000
7.147083 -1.193489 0.000000 0.000000
7.187758 -1.193489 0.000000 0.000000
7.223628 -1.193489 0.000000 0.000000
7.259516 -1.193489 0.000000 0.000000
7.295677 -1.432096 0.000000 0.000000
7.329115 -1.432096 0.000000 0.000000
7.362579 -1.432096 0.000000 0.000000
7.396201 -1.432096 0.000000 0.000000
7.432840 -1.193489 0.000000 0.000000
7.466327 -1.193489 0.000000 0.000000
7.501775 -1.193489 0.000000 0.000000
7.535435 -1.193489 0.000000 0.000000
7.571109 -1.193489 0.000000 0.000000
7.604570 -1.193489 0.000000 0.000000
7.638037 -1.193489 0.000000 0.000000
7.671711 -1.193489 0.000000 0.000000
7.708829 -1.193489 0.000000 0.000000
7.743459 -1.193489 0.000000 0.000000
7.777073 -1.193489 0.000000 0.000000
7.810699 -1.193489 0.000000 0.000000
7.847028 -1.193489 0.000000 0.000000
7.880441 -1.193489 0.000000 0.000000
7.914009 -1.193489 0.000000 0.000000
7.947606 -1.193489 0.000000 0.000000
7.985426 -1.193489 0.000000 0.000000
8.021039 -1.193489 0.000000 0.000000
8.065767 -1.193489 0.000000 0.000000
8.101722 -1.193489 0.000000 0.000000
8.137666 -1.193489 0.000000 0.000000
8.174439 -1.432096 0.000000 0.000000
8.207935 -1.432096 0.000000 0.000000
8.243074 -1.432096 0.000000 0.000000
8.276830 -1.432096 0.000000 0.000000
8.310767 -1.193489 0.000000 0.000000
8.344228 -1.193489 0.000000 0.000000
8.377809 -1.193489 0.000000 0.000000
8.411587 -1.193489 0.000000 0.000000
8.445676 -1.193489 0.000000 0.000000
8.479118 -1.193489 0.000000 0.000000
8.525485 -1.193489 0.000000 0.000000
8.559168 -1.193489 0.000000 0.000000
8.598944 -1.432096 0.000000 0.000000
8.632410 -1.432096 0.000000 0.000000
8.665965 -1.432096 0.000000 0.000000
8.703632 -1.432096 0.000000 0.000000
8.738291 -1.432096 0.000000 0.000000
8.771704 -1.432096 0.000000 0.000000
8.805312 -1.432096 0.000000 0.000000
8.839064 -1.432096 0.000000 0.000000
8.873088 -1.193489 0.000000 0.000000
8.908857 -1.193489 0.000000 0.000000
8.944265 -1.193489 0.000000 0.000000
8.980143 -1.193489 0.000000 0.000000
9.029473 -1.193489 0.000000 0.000000
9.065347 -1.193489 0.000000 0.000000
9.099967 -1.432096 0.000000 0.000000
9.133427 -1.432096 0.000000 0.000000
9.166688 -1.432096 0.000000 0.000000
9.200458 -1.432096 0.000000 0.000000
9.234487 -1.193489 0.000000 0.000000
9.268015 -1.193489 0.000000 0.000000
9.301543 -1.193489 0.000000 0.000000
9.348198 -1.193489 0.000000 0.000000
9.381969 -1.193489 0.000000 0.000000
9.417909 -1.193489 0.000000 0.000000
9.451502 -1.193489 0.000000 0.000000
9.485311 -1.193489 0.000000 0.000000
9.518945 -1.426156 0.000000 0.000000
9.552391 -1.426156 0.000000 0.000000
9.585655 -1.426156 0.000000 0.000000
9.630113 -1.426156 0.000000 0.000000
9.663666 -1.193489 0.000000 0.000000
9.697137 -1.193489 0.000000 0.000000
9.735602 -1.193489 0.000000 0.000000
9.769255 -1.193489 0.000000 0.000000
9.803074 -1.426156 0.000000 0.000000
9.837351 -1.426156 0.000000 0.000000
9.870784 -1.426156 0.000000 0.000000
9.904430 -1.426156 0.000000 0.000000
9.938119 -1.426156 0.000000 0.000000
9.972033 -1.426156 0.000000 0.000000
10.005513 -1.426156 0.000000 0.000000
10.038818 -1.426156 0.000000 0.000000
10.072605 -1.426156 0.000000 0.000000
10.106340 -1.193489 0.000000 0.000000
10.142836 -1.193489 0.000000 0.000000
10.176389 -1.193489 0.000000 0.000000
10.210073 -1.193489 0.000000 0.000000
10.243708 -1.432096 0.000000 0.000000
10.277196 -1.432096 0.000000 0.000000
10.310516 -1.432096 0.000000 0.000000
10.344340 -1.432096 0.000000 0.000000
10.377951 -1.432096 0.000000 0.000000
10.411420 -1.432096 0.000000 0.000000
10.444734 -1.432096 0.000000 0.000000
10.478500 -1.432096 0.000000 0.000000
10.513148 -1.432096 0.000000 0.000000
10.549227 -1.426156 0.000000 0.000000
10.585070 -1.426156 0.000000 0.000000
10.622177 -1.426156 0.000000 0.000000
10.656048 -1.426156 0.000000 0.000000
10.690132 -1.193489 0.000000 0.000000
10.723574 -1.193489 0.000000 0.000000
10.757178 -1.193489 0.000000 0.000000
10.790928 -1.193489 0.000000 0.000000
10.824832 -1.432096 0.000000 0.000000
10.858303 -1.432096 0.000000 0.000000
10.891635 -1.432096 0.000000 0.000000
10.925466 -1.432096 0.000000 0.000000
10.959165 -1.426156 0.000000 0.000000
10.992581 -1.426156 0.000000 0.000000
11.025916 -1.426156 0.000000 0.000000
11.059922 -1.426156 0.000000 0.000000
11.093488 -1.193489 0.000000 0.000000
11.126989 -1.193489 0.000000 0.000000
11.160253 -1.193489 0.000000 0.000000
11.204000 -1.193489 0.000000 0.000000
11.237556 -1.193489 0.000000 0.000000
11.270966 -1.193489 0.000000 0.000000
11.304650 -1.193489 0.000000 0.000000
11.340728 -1.193489 0.000000 0.000000
11.376558 -1.193489 0.000000 0.000000
11.412426 -1.426156 0.000000 0.000000
11.446451 -1.426156 0.000000 0.000000
11.479800 -1.426156 0.000000 0.000000
11.513431 -1.426156 0.000000 0.000000
11.547086 -1.426156 0.000000 0.000000
11.584017 -1.432096 0.000000 0.000000
11.618571 -1.432096 0.000000 0.000000
11.652116 -1.432096 0.000000 0.000000
11.685670 -1.426156 0.000000 0.000000
11.720625 -1.426156 0.000000 0.000000
11.754085 -1.426156 0.000000 0.000000
11.787575 -1.426156 0.000000 0.000000
11.821209 -1.426156 0.000000 0.000000
11.857581 -1.426156 0.000000 0.000000
11.891804 -1.426156 0.000000 0.000000
11.925459 -1.426156 0.000000 0.000000
11.959069 -1.426156 0.000000 0.000000
11.994641 -1.432096 0.000000 0.000000
12.028082 -1.432096 0.000000 0.000000
12.061549 -1.432096 0.000000 0.000000
12.095253 -1.432096 0.000000 0.000000
12.131177 -1.426156 0.000000 0.000000
12.166801 -1.426156 0.000000 0.000000
12.213460 -1.426156 0.000000 0.000000
12.249485 -1.426156 0.000000 0.000000
12.285886 -1.426156 0.000000 0.000000
12.322096 -1.432096 0.000000 0.000000
12.355539 -1.432096 0.000000 0.000000
12.388792 -1.432096 0.000000 0.000000
12.422558 -1.432096 0.000000 0.000000
12.456371 -1.432096 0.000000 0.000000
12.491645 -1.432096 0.000000 0.000000
12.525274 -1.432096 0.000000 0.000000
12.559212 -1.432096 0.000000 0.000000
