1509745599.979753 0.239730
1509745600.125995 0.239730
1509745600.265332 -1.684684
1509745600.407056 0.719156
1509745600.586421 1.203516
1509745600.736345 0.000000
1509745600.925048 0.958836
1509745601.066155 1.438086
1509745601.204853 0.239730
1509745601.350020 2.165615
1509745601.499902 2.156563
1509745601.659799 0.479451
1509745601.879368 0.958836
1509745602.031817 2.395915
1509745602.191054 3.126495
1509745602.349641 2.646241
1509745602.493142 1.917135
1509745602.679045 2.165615
1509745602.814246 2.156563
1509745602.953346 1.677639
1509745603.090268 1.684684
1509745603.230561 1.684684
1509745603.389083 1.684684
1509745603.530984 1.684684
1509745603.677547 1.684684
1509745603.824936 1.677639
1509745603.969502 1.677639
1509745604.134803 1.684684
1509745604.303985 1.684684
1509745604.440307 1.677639
1509745604.578406 1.677639
1509745604.728085 1.677639
1509745604.875319 1.677639
1509745605.049307 1.677639
1509745605.191098 1.677639
1509745605.349320 1.677639
1509745605.499002 1.677639
1509745605.663371 1.677639
