0.012188 154.000000 150.000000 0
0.045582 154.000000 150.000000 0
0.079407 154.000000 150.000000 0
0.118739 154.000000 150.000000 0
0.152307 154.000000 150.000000 0
0.186957 154.000000 150.000000 0
0.221722 154.000000 150.000000 0
0.255676 154.000000 150.000000 0
0.289376 154.000000 150.000000 0
0.322919 154.000000 150.000000 0
0.356600 154.000000 150.000000 0
0.390210 154.000000 150.000000 0
0.424963 154.000000 150.000000 0
0.461146 154.000000 150.000000 0
0.497773 154.000000 150.000000 0
0.531453 154.000000 150.000000 0
0.565022 154.000000 150.000000 0
0.598547 154.000000 150.000000 0
0.633266 154.000000 150.000000 0
0.670942 154.000000 150.000000 0
0.704545 154.000000 150.000000 0
0.738003 154.000000 150.000000 0
0.771442 154.000000 150.000000 0
0.805099 154.000000 150.000000 0
0.839458 154.000000 150.000000 0
0.872777 154.000000 150.000000 0
0.906178 154.000000 150.000000 0
0.947513 154.000000 150.000000 0
0.981414 154.000000 150.000000 0
1.014744 154.000000 150.000000 0
1.052043 154.000000 150.000000 0
1.086919 154.000000 150.000000 0
1.120897 154.000000 150.000000 0
1.154209 153.000000 150.000000 0
1.187684 154.000000 150.000000 0
1.221340 154.000000 150.000000 0
1.255385 154.000000 150.000000 0
1.288706 154.000000 150.000000 0
1.322730 154.000000 150.000000 0
1.356533 154.000000 150.000000 0
1.390028 154.000000 150.000000 0
1.423470 154.000000 150.000000 0
1.459075 154.000000 150.000000 0
1.505454 154.000000 150.000000 0
1.541341 154.000000 150.000000 0
1.577928 154.000000 150.000000 0
1.614863 154.000000 150.000000 0
1.654039 154.000000 150.000000 0
1.697298 154.000000 150.000000 0
1.733295 154.000000 150.000000 0
1.767317 154.000000 150.000000 0
1.800625 154.000000 150.000000 0
1.834171 154.000000 150.000000 0
1.867890 154.000000 150.000000 0
1.901466 154.000000 150.000000 0
1.934785 154.000000 150.000000 0
1.968229 154.000000 150.000000 0
2.002070 154.000000 150.000000 0
2.035568 154.000000 150.000000 0
2.069083 154.000000 150.000000 0
2.104207 154.000000 150.000000 0
2.137971 154.000000 150.000000 0
2.171426 154.000000 150.000000 0
2.204735 154.000000 150.000000 0
2.238198 154.000000 150.000000 0
2.274255 154.000000 150.000000 0
2.307769 155.000000 150.000000 0
2.341118 154.000000 150.000000 0
2.374529 154.000000 150.000000 0
2.411128 154.000000 150.000000 0
2.444883 154.000000 150.000000 0
2.480811 154.000000 150.000000 0
2.516457 154.000000 150.000000 0
2.555997 154.000000 150.000000 0
2.591913 154.000000 150.000000 0
2.628016 154.000000 150.000000 0
2.664034 154.000000 150.000000 0
2.697462 154.000000 150.000000 0
2.731047 154.000000 150.000000 0
2.764750 154.000000 150.000000 0
2.798653 154.000000 150.000000 0
2.831990 154.000000 150.000000 0
2.865483 154.000000 150.000000 0
2.899314 154.000000 150.000000 0
2.933210 154.000000 150.000000 0
2.966558 154.000000 150.000000 0
3.003962 154.000000 150.000000 0
3.037557 154.000000 150.000000 0
3.071506 154.000000 150.000000 0
3.104809 154.000000 150.000000 0
3.138313 154.000000 150.000000 0
3.172056 154.000000 150.000000 0
3.206079 154.000000 150.000000 0
3.239559 154.000000 150.000000 0
3.276908 154.000000 150.000000 0
3.310564 154.000000 150.000000 0
3.344709 154.000000 150.000000 0
3.378184 154.000000 150.000000 0
3.413769 154.000000 150.000000 0
3.457119 154.000000 150.000000 0
3.492995 154.000000 150.000000 0
3.529895 154.000000 150.000000 0
3.566227 154.000000 150.000000 0
3.607060 154.000000 150.000000 0
3.644432 154.000000 150.000000 0
3.680363 154.000000 150.000000 0
3.716175 154.000000 150.000000 0
3.753142 154.000000 150.000000 0
3.788553 154.000000 150.000000 0
3.822026 154.000000 150.000000 0
3.855782 154.000000 150.000000 0
3.889300 154.000000 150.000000 0
3.922731 154.000000 150.000000 0
3.956568 154.000000 150.000000 0
3.990675 154.000000 150.000000 0
4.024170 154.000000 150.000000 0
4.057579 154.000000 150.000000 0
4.092302 154.000000 150.000000 0
4.125998 154.000000 150.000000 0
4.159676 154.000000 150.000000 0
4.193273 154.000000 150.000000 0
4.226841 154.000000 150.000000 0
4.263214 154.000000 150.000000 0
4.296714 154.000000 150.000000 0
4.330026 154.000000 150.000000 0
4.363565 154.000000 150.000000 0
4.399659 154.000000 150.000000 0
4.433208 154.000000 150.000000 0
4.466586 153.000000 150.000000 0
4.500145 154.000000 150.000000 0
4.540870 154.000000 150.000000 0
4.576813 154.000000 150.000000 0
4.613551 154.000000 150.000000 0
4.648738 154.000000 150.000000 0
4.682187 154.000000 150.000000 0
4.715904 154.000000 150.000000 0
4.750001 154.000000 150.000000 0
4.786212 154.000000 150.000000 0
4.820448 154.000000 150.000000 0
4.853990 154.000000 150.000000 0
4.887746 154.000000 150.000000 0
4.923465 154.000000 150.000000 0
4.956924 154.000000 150.000000 0
4.990453 154.000000 150.000000 0
5.024494 154.000000 150.000000 0
5.060942 153.000000 150.000000 0
5.095832 153.000000 150.000000 0
5.129497 154.000000 150.000000 0
5.163389 154.000000 150.000000 0
5.198701 154.000000 150.000000 0
5.232164 154.000000 150.000000 0
5.265712 154.000000 150.000000 0
5.299610 154.000000 150.000000 0
5.335517 154.000000 150.000000 0
5.371115 154.000000 150.000000 0
5.418271 154.000000 150.000000 0
5.454143 154.000000 150.000000 0
5.490057 154.000000 150.000000 0
5.527461 154.000000 150.000000 0
5.560788 154.000000 150.000000 0
5.594231 154.000000 150.000000 0
5.627906 154.000000 150.000000 0
5.661812 154.000000 150.000000 0
5.695327 154.000000 150.000000 0
5.728937 154.000000 150.000000 0
5.762562 153.000000 150.000000 0
5.796531 154.000000 150.000000 0
5.829828 154.000000 150.000000 0
5.863292 154.000000 150.000000 0
5.897004 154.000000 150.000000 0
5.930588 154.000000 150.000000 0
5.963909 154.000000 150.000000 0
6.001207 154.000000 150.000000 0
6.034884 154.000000 150.000000 0
6.068814 154.000000 150.000000 0
6.102126 154.000000 150.000000 0
6.135576 154.000000 150.000000 0
6.169386 154.000000 150.000000 0
6.202874 154.000000 150.000000 0
6.236571 154.000000 150.000000 0
6.273655 154.000000 150.000000 0
6.317623 154.000000 150.000000 0
6.353451 154.000000 150.000000 0
6.390081 154.000000 150.000000 0
6.426458 154.000000 150.000000 0
6.460906 154.000000 150.000000 0
6.497060 154.000000 150.000000 0
6.530817 154.000000 150.000000 0
6.564535 154.000000 150.000000 0
6.597940 154.000000 150.000000 0
6.634257 154.000000 150.000000 0
6.668137 154.000000 150.000000 0
6.702099 154.000000 150.000000 0
6.735519 153.000000 150.000000 0
6.771472 154.000000 150.000000 0
6.805293 154.000000 150.000000 0
6.839326 154.000000 150.000000 0
6.872737 154.000000 150.000000 0
6.906401 154.000000 150.000000 0
6.940725 154.000000 150.000000 0
6.975430 154.000000 150.000000 0
7.008965 154.000000 150.000000 0
7.042582 154.000000 150.000000 0
7.076593 154.000000 150.000000 0
7.112196 154.000000 150.000000 0
7.148406 154.000000 150.000000 0
7.189103 154.000000 150.000000 0
7.224959 154.000000 150.000000 0
7.260878 154.000000 150.000000 0
7.296778 154.000000 150.000000 0
7.330244 154.000000 150.000000 0
7.363760 154.000000 150.000000 0
7.397666 154.000000 150.000000 0
7.433951 154.000000 150.000000 0
7.467511 154.000000 150.000000 0
7.502955 154.000000 150.000000 0
7.536733 154.000000 150.000000 0
7.572232 154.000000 150.000000 0
7.605693 154.000000 150.000000 0
7.639221 154.000000 150.000000 0
7.673211 154.000000 150.000000 0
7.709928 154.000000 150.000000 0
7.744600 154.000000 150.000000 0
7.778260 154.000000 150.000000 0
7.812007 154.000000 150.000000 0
7.848140 154.000000 150.000000 0
7.881583 154.000000 150.000000 0
7.915153 154.000000 150.000000 0
7.948950 154.000000 150.000000 0
7.986666 154.000000 150.000000 0
8.022193 154.000000 150.000000 0
8.067117 154.000000 150.000000 0
8.103060 154.000000 150.000000 0
8.138925 154.000000 150.000000 0
8.175583 154.000000 150.000000 0
8.208955 154.000000 150.000000 0
8.244328 154.000000 150.000000 0
8.278041 154.000000 150.000000 0
8.311884 154.000000 150.000000 0
8.345370 154.000000 150.000000 0
8.379007 154.000000 150.000000 0
8.413190 154.000000 150.000000 0
8.446807 154.000000 150.000000 0
8.480138 154.000000 150.000000 0
8.526710 154.000000 150.000000 0
8.560382 154.000000 150.000000 0
8.600072 154.000000 150.000000 0
8.633564 154.000000 150.000000 0
8.667154 154.000000 150.000000 0
8.704828 154.000000 150.000000 0
8.739391 154.000000 150.000000 0
8.772848 154.000000 150.000000 0
8.806577 154.000000 150.000000 0
8.840279 154.000000 150.000000 0
8.874357 154.000000 150.000000 0
8.909979 154.000000 150.000000 0
8.945525 154.000000 150.000000 0
8.981445 154.000000 150.000000 0
9.030818 154.000000 150.000000 0
9.066741 154.000000 150.000000 0
9.101103 154.000000 150.000000 0
9.134445 154.000000 150.000000 0
9.167905 154.000000 150.000000 0
9.201671 153.000000 150.000000 0
9.235599 154.000000 150.000000 0
9.269161 154.000000 150.000000 0
9.302768 154.000000 150.000000 0
9.349341 154.000000 150.000000 0
9.383105 154.000000 150.000000 0
9.419064 154.000000 150.000000 0
9.452746 154.000000 150.000000 0
9.486577 154.000000 150.000000 0
9.520073 154.000000 150.000000 0
9.553421 154.000000 150.000000 0
9.586815 154.000000 150.000000 0
9.631297 154.000000 150.000000 0
9.664781 154.000000 150.000000 0
9.698168 154.000000 150.000000 0
9.736806 154.000000 150.000000 0
9.770462 154.000000 150.000000 0
9.804481 154.000000 150.000000 0
9.838460 154.000000 150.000000 0
9.871951 154.000000 150.000000 0
9.905641 154.000000 150.000000 0
9.939251 154.000000 150.000000 0
9.973173 154.000000 150.000000 0
10.006545 154.000000 150.000000 0
10.040037 154.000000 150.000000 0
10.073846 154.000000 150.000000 0
10.107474 154.000000 150.000000 0
10.143987 154.000000 150.000000 0
10.177618 154.000000 150.000000 0
10.211299 154.000000 150.000000 0
10.244830 154.000000 150.000000 0
10.278225 154.000000 150.000000 0
10.311756 154.000000 150.000000 0
10.345558 154.000000 150.000000 0
10.379088 154.000000 150.000000 0
10.412451 154.000000 150.000000 0
10.445957 154.000000 150.000000 0
10.479693 154.000000 150.000000 0
10.514502 154.000000 150.000000 0
10.550516 154.000000 150.000000 0
10.586229 154.000000 150.000000 0
10.623463 154.000000 150.000000 0
10.657473 154.000000 150.000000 0
10.691245 154.000000 150.000000 0
10.724774 154.000000 150.000000 0
10.758393 154.000000 150.000000 0
10.792128 154.000000 150.000000 0
10.825964 154.000000 150.000000 0
10.859333 154.000000 150.000000 0
10.892896 155.000000 150.000000 0
10.926677 154.000000 150.000000 0
10.960284 154.000000 150.000000 0
10.993614 154.000000 150.000000 0
11.027199 154.000000 150.000000 0
11.061113 154.000000 150.000000 0
11.094609 154.000000 150.000000 0
11.128019 154.000000 150.000000 0
11.161433 154.000000 150.000000 0
11.205201 154.000000 150.000000 0
11.238668 154.000000 150.000000 0
11.271979 154.000000 150.000000 0
11.305928 154.000000 150.000000 0
11.342047 154.000000 150.000000 0
11.377870 154.000000 150.000000 0
11.413796 154.000000 150.000000 0
11.447519 154.000000 150.000000 0
11.480971 154.000000 150.000000 0
11.514594 154.000000 150.000000 0
11.548415 154.000000 150.000000 0
11.585128 154.000000 150.000000 0
11.619730 154.000000 150.000000 0
11.653297 154.000000 150.000000 0
11.686882 154.000000 150.000000 0
11.721743 155.000000 150.000000 0
11.755215 154.000000 150.000000 0
11.788735 154.000000 150.000000 0
11.822680 154.000000 150.000000 0
11.858691 154.000000 150.000000 0
11.892937 154.000000 150.000000 0
11.926638 154.000000 150.000000 0
11.960455 154.000000 150.000000 0
11.995757 154.000000 150.000000 0
12.029209 154.000000 150.000000 0
12.062742 153.000000 150.000000 0
12.096822 154.000000 150.000000 0
12.132417 154.000000 150.000000 0
12.167939 154.000000 150.000000 0
12.214832 154.000000 150.000000 0
12.250824 154.000000 150.000000 0
12.287168 154.000000 150.000000 0
12.323232 154.000000 150.000000 0
12.356550 154.000000 150.000000 0
12.389993 154.000000 150.000000 0
12.423807 153.000000 150.000000 0
12.457474 154.000000 150.000000 0
12.492830 154.000000 150.000000 0
12.526597 154.000000 150.000000 0
12.560422 154.000000 150.000000 0
