0.013281 154.000000 150.000000 0
0.046551 154.000000 150.000000 0
0.086044 154.000000 150.000000 0
0.119815 154.000000 150.000000 0
0.153486 154.000000 150.000000 0
0.188554 154.000000 150.000000 0
0.223000 154.000000 150.000000 0
0.256920 154.000000 150.000000 0
0.290483 154.000000 150.000000 0
0.324028 154.000000 150.000000 0
0.357719 154.000000 150.000000 0
0.391329 154.000000 150.000000 0
0.428188 154.000000 150.000000 0
0.462394 154.000000 150.000000 0
0.498862 154.000000 150.000000 0
0.532608 154.000000 150.000000 0
0.566086 154.000000 150.000000 0
0.599614 154.000000 150.000000 0
0.638373 154.000000 150.000000 0
0.672037 154.000000 150.000000 0
0.705642 154.000000 150.000000 0
0.738963 154.000000 150.000000 0
0.772553 154.000000 150.000000 0
0.806947 154.000000 150.000000 0
0.840498 154.000000 150.000000 0
0.873735 154.000000 150.000000 0
0.914866 154.000000 150.000000 0
0.948781 154.000000 150.000000 0
0.982467 154.000000 150.000000 0
1.015758 154.000000 150.000000 0
1.054150 154.000000 150.000000 0
1.088288 154.000000 150.000000 0
1.121932 154.000000 150.000000 0
1.155163 153.000000 150.000000 0
1.188825 154.000000 150.000000 0
1.222429 154.000000 150.000000 0
1.256431 154.000000 150.000000 0
1.289665 154.000000 150.000000 0
1.323885 154.000000 150.000000 0
1.357641 154.000000 150.000000 0
1.391067 154.000000 150.000000 0
1.425479 154.000000 150.000000 0
1.471743 154.000000 150.000000 0
1.507703 154.000000 150.000000 0
1.543501 154.000000 150.000000 0
1.580780 154.000000 150.000000 0
1.616903 154.000000 150.000000 0
1.656303 154.000000 150.000000 0
1.699477 154.000000 150.000000 0
1.734832 154.000000 150.000000 0
1.768346 154.000000 150.000000 0
1.801585 155.000000 150.000000 0
1.835361 154.000000 150.000000 0
1.868973 154.000000 150.000000 0
1.902517 154.000000 150.000000 0
1.935804 154.000000 150.000000 0
1.969415 154.000000 150.000000 0
2.003180 154.000000 150.000000 0
2.036778 154.000000 150.000000 0
2.070041 154.000000 150.000000 0
2.105392 154.000000 150.000000 0
2.139048 154.000000 150.000000 0
2.172458 154.000000 150.000000 0
2.205743 154.000000 150.000000 0
2.239466 154.000000 150.000000 0
2.275362 154.000000 150.000000 0
2.308813 154.000000 150.000000 0
2.342092 154.000000 150.000000 0
2.375834 154.000000 150.000000 0
2.412218 154.000000 150.000000 0
2.447369 154.000000 150.000000 0
2.482818 154.000000 150.000000 0
2.518639 154.000000 150.000000 0
2.558237 155.000000 150.000000 0
2.594058 154.000000 150.000000 0
2.630486 153.000000 150.000000 0
2.665064 154.000000 150.000000 0
2.698517 155.000000 150.000000 0
2.732219 154.000000 150.000000 0
2.766043 154.000000 150.000000 0
2.799721 154.000000 150.000000 0
2.832937 154.000000 150.000000 0
2.866720 154.000000 150.000000 0
2.900759 155.000000 150.000000 0
2.934231 154.000000 150.000000 0
2.971383 154.000000 150.000000 0
3.005082 154.000000 150.000000 0
3.039081 154.000000 150.000000 0
3.072537 154.000000 150.000000 0
3.105812 154.000000 150.000000 0
3.139509 154.000000 150.000000 0
3.173420 154.000000 150.000000 0
3.207117 154.000000 150.000000 0
3.240639 154.000000 150.000000 0
3.278052 155.000000 150.000000 0
3.311911 154.000000 150.000000 0
3.345771 154.000000 150.000000 0
3.380190 154.000000 150.000000 0
3.416080 154.000000 150.000000 0
3.459313 154.000000 150.000000 0
3.495289 155.000000 150.000000 0
3.532602 154.000000 150.000000 0
3.568345 154.000000 150.000000 0
3.609248 154.000000 150.000000 0
3.646696 154.000000 150.000000 0
3.682530 154.000000 150.000000 0
3.718920 154.000000 150.000000 0
3.755257 154.000000 150.000000 0
3.789507 154.000000 150.000000 0
3.823203 154.000000 150.000000 0
3.856923 154.000000 150.000000 0
3.890337 154.000000 150.000000 0
3.923689 154.000000 150.000000 0
3.958149 154.000000 150.000000 0
3.991762 154.000000 150.000000 0
4.025214 154.000000 150.000000 0
4.058592 154.000000 150.000000 0
4.093448 154.000000 150.000000 0
4.127139 154.000000 150.000000 0
4.160760 154.000000 150.000000 0
4.194242 154.000000 150.000000 0
4.230653 154.000000 150.000000 0
4.264316 154.000000 150.000000 0
4.297751 154.000000 150.000000 0
4.331098 154.000000 150.000000 0
4.367148 154.000000 150.000000 0
4.400756 154.000000 150.000000 0
4.434271 154.000000 150.000000 0
4.467570 154.000000 150.000000 0
4.502330 155.000000 150.000000 0
4.543062 154.000000 150.000000 0
4.579017 154.000000 150.000000 0
4.616040 154.000000 150.000000 0
4.649765 154.000000 150.000000 0
4.683355 154.000000 150.000000 0
4.717148 154.000000 150.000000 0
4.752444 154.000000 150.000000 0
4.787308 154.000000 150.000000 0
4.821525 154.000000 150.000000 0
4.855074 154.000000 150.000000 0
4.890763 154.000000 150.000000 0
4.924513 154.000000 150.000000 0
4.957982 154.000000 150.000000 0
4.991538 154.000000 150.000000 0
5.027174 154.000000 150.000000 0
5.061993 154.000000 150.000000 0
5.097012 155.000000 150.000000 0
5.130576 154.000000 150.000000 0
5.165543 154.000000 150.000000 0
5.199739 154.000000 150.000000 0
5.233223 154.000000 150.000000 0
5.266779 154.000000 150.000000 0
5.302127 154.000000 150.000000 0
5.337708 154.000000 150.000000 0
5.379969 154.000000 150.000000 0
5.420474 154.000000 150.000000 0
5.456297 153.000000 150.000000 0
5.492534 155.000000 150.000000 0
5.528507 153.000000 150.000000 0
5.561745 154.000000 150.000000 0
5.595318 154.000000 150.000000 0
5.629361 154.000000 150.000000 0
5.662848 154.000000 150.000000 0
5.696427 154.000000 150.000000 0
5.730053 154.000000 150.000000 0
5.763694 154.000000 150.000000 0
5.797561 154.000000 150.000000 0
5.830777 154.000000 150.000000 0
5.864474 154.000000 150.000000 0
5.898083 154.000000 150.000000 0
5.931632 154.000000 150.000000 0
5.964876 154.000000 150.000000 0
6.002358 154.000000 150.000000 0
6.036373 154.000000 150.000000 0
6.069854 154.000000 150.000000 0
6.103075 154.000000 150.000000 0
6.136795 154.000000 150.000000 0
6.170478 154.000000 150.000000 0
6.203924 154.000000 150.000000 0
6.238734 154.000000 150.000000 0
6.283913 154.000000 150.000000 0
6.319774 153.000000 150.000000 0
6.355969 154.000000 150.000000 0
6.392670 155.000000 150.000000 0
6.428482 154.000000 150.000000 0
6.462188 154.000000 150.000000 0
6.498180 154.000000 150.000000 0
6.532159 154.000000 150.000000 0
6.565532 154.000000 150.000000 0
6.598995 154.000000 150.000000 0
6.635374 154.000000 150.000000 0
6.669585 154.000000 150.000000 0
6.703060 154.000000 150.000000 0
6.736628 154.000000 150.000000 0
6.772669 154.000000 150.000000 0
6.806972 154.000000 150.000000 0
6.840303 154.000000 150.000000 0
6.873797 154.000000 150.000000 0
6.907483 154.000000 150.000000 0
6.942710 154.000000 150.000000 0
6.976517 154.000000 150.000000 0
7.010025 154.000000 150.000000 0
7.043658 154.000000 150.000000 0
7.079527 154.000000 150.000000 0
7.113195 154.000000 150.000000 0
7.150647 154.000000 150.000000 0
7.191292 154.000000 150.000000 0
7.227138 154.000000 150.000000 0
7.263868 154.000000 150.000000 0
7.297810 154.000000 150.000000 0
7.331286 154.000000 150.000000 0
7.364832 154.000000 150.000000 0
7.400124 155.000000 150.000000 0
7.434979 154.000000 150.000000 0
7.470460 154.000000 150.000000 0
7.504031 154.000000 150.000000 0
7.538137 154.000000 150.000000 0
7.573276 154.000000 150.000000 0
7.606742 154.000000 150.000000 0
7.640298 154.000000 150.000000 0
7.676078 154.000000 150.000000 0
7.710952 154.000000 150.000000 0
7.745760 154.000000 150.000000 0
7.779346 154.000000 150.000000 0
7.815405 153.000000 150.000000 0
7.849147 154.000000 150.000000 0
7.882708 154.000000 150.000000 0
7.916221 154.000000 150.000000 0
7.951582 154.000000 150.000000 0
7.988765 154.000000 150.000000 0
8.032032 154.000000 150.000000 0
8.069362 154.000000 150.000000 0
8.105266 154.000000 150.000000 0
8.141948 154.000000 150.000000 0
8.176661 154.000000 150.000000 0
8.209907 153.000000 150.000000 0
8.245489 154.000000 150.000000 0
8.279136 154.000000 150.000000 0
8.312930 154.000000 150.000000 0
8.346439 154.000000 150.000000 0
8.380196 154.000000 150.000000 0
8.414346 154.000000 150.000000 0
8.447858 154.000000 150.000000 0
8.481090 154.000000 150.000000 0
8.527811 154.000000 150.000000 0
8.561615 154.000000 150.000000 0
8.601109 154.000000 150.000000 0
8.634632 154.000000 150.000000 0
8.668394 154.000000 150.000000 0
8.706926 154.000000 150.000000 0
8.740400 154.000000 150.000000 0
8.773988 154.000000 150.000000 0
8.807704 154.000000 150.000000 0
8.841638 154.000000 150.000000 0
8.876561 153.000000 150.000000 0
8.911978 155.000000 150.000000 0
8.947811 154.000000 150.000000 0
8.995853 154.000000 150.000000 0
9.032997 154.000000 150.000000 0
9.068078 154.000000 150.000000 0
9.102167 154.000000 150.000000 0
9.135394 154.000000 150.000000 0
9.169052 154.000000 150.000000 0
9.202941 154.000000 150.000000 0
9.236670 154.000000 150.000000 0
9.270229 154.000000 150.000000 0
9.316851 154.000000 150.000000 0
9.350596 154.000000 150.000000 0
9.384176 154.000000 150.000000 0
9.420157 154.000000 150.000000 0
9.453932 154.000000 150.000000 0
9.487676 154.000000 150.000000 0
9.521132 154.000000 150.000000 0
9.554385 154.000000 150.000000 0
9.590020 154.000000 150.000000 0
9.632397 154.000000 150.000000 0
9.665863 154.000000 150.000000 0
9.699133 154.000000 150.000000 0
9.737929 154.000000 150.000000 0
9.771679 154.000000 150.000000 0
9.806028 154.000000 150.000000 0
9.839479 154.000000 150.000000 0
9.873042 154.000000 150.000000 0
9.906778 154.000000 150.000000 0
9.940685 154.000000 150.000000 0
9.974246 153.000000 150.000000 0
10.007512 154.000000 150.000000 0
10.041245 154.000000 150.000000 0
10.074972 154.000000 150.000000 0
10.108535 154.000000 150.000000 0
10.145075 154.000000 150.000000 0
10.178753 154.000000 150.000000 0
10.212395 154.000000 150.000000 0
10.245935 154.000000 150.000000 0
10.279187 154.000000 150.000000 0
10.312954 154.000000 150.000000 0
10.346668 154.000000 150.000000 0
10.380160 154.000000 150.000000 0
10.413431 154.000000 150.000000 0
10.447100 154.000000 150.000000 0
10.480795 154.000000 150.000000 0
10.516706 154.000000 150.000000 0
10.552694 154.000000 150.000000 0
10.588145 154.000000 150.000000 0
10.624661 154.000000 150.000000 0
10.658753 154.000000 150.000000 0
10.692289 154.000000 150.000000 0
10.725862 154.000000 150.000000 0
10.759570 154.000000 150.000000 0
10.793466 154.000000 150.000000 0
10.827039 154.000000 150.000000 0
10.860297 154.000000 150.000000 0
10.894114 154.000000 150.000000 0
10.927780 154.000000 150.000000 0
10.961331 154.000000 150.000000 0
10.994583 154.000000 150.000000 0
11.028539 154.000000 150.000000 0
11.062210 154.000000 150.000000 0
11.095671 154.000000 150.000000 0
11.128981 154.000000 150.000000 0
11.164842 154.000000 150.000000 0
11.206281 154.000000 150.000000 0
11.239705 154.000000 150.000000 0
11.272927 154.000000 150.000000 0
11.308326 154.000000 150.000000 0
11.344215 154.000000 150.000000 0
11.380025 154.000000 150.000000 0
11.415163 153.000000 150.000000 0
11.448502 154.000000 150.000000 0
11.482129 154.000000 150.000000 0
11.515668 154.000000 150.000000 0
11.552153 154.000000 150.000000 0
11.586170 154.000000 150.000000 0
11.620811 154.000000 150.000000 0
11.654372 154.000000 150.000000 0
11.688988 154.000000 150.000000 0
11.722789 154.000000 150.000000 0
11.756274 155.000000 150.000000 0
11.789814 154.000000 150.000000 0
11.824222 154.000000 150.000000 0
11.859719 154.000000 150.000000 0
11.894140 154.000000 150.000000 0
11.927719 154.000000 150.000000 0
11.961786 154.000000 150.000000 0
11.996792 154.000000 150.000000 0
12.030263 154.000000 150.000000 0
12.063832 154.000000 150.000000 0
12.099000 154.000000 150.000000 0
12.134518 155.000000 150.000000 0
12.169951 153.000000 150.000000 0
12.217141 154.000000 150.000000 0
12.253003 154.000000 150.000000 0
12.289608 154.000000 150.000000 0
12.324280 154.000000 150.000000 0
12.357498 154.000000 150.000000 0
12.391185 154.000000 150.000000 0
12.424918 154.000000 150.000000 0
12.458507 154.000000 150.000000 0
12.493942 154.000000 150.000000 0
12.527799 154.000000 150.000000 0
12.561637 154.000000 150.000000 0
