1509747661.143250  -1.432096
1509747661.271845  -1.432096
1509747661.398125  -1.193489
1509747661.543387  -1.198482
1509747661.681030  -1.193489
1509747661.821561  -1.193489
1509747661.957282  -1.193489
1509747662.102155  -1.193489
1509747662.292451  -1.193489
1509747662.469015  -1.193489
1509747662.606222  -1.193489
1509747662.742794  -1.193489
1509747662.881331  -1.193489
1509747663.018983  -1.193489
1509747663.164030  -1.193489
1509747663.356112  -1.193489
1509747663.497391  -1.193489
1509747663.632013  -1.193489
1509747663.771172  -1.193489
1509747663.906384  -1.193489
1509747664.050696  -1.193489
1509747664.262755  -1.193489
1509747664.456780  -1.193489
1509747664.595984  -1.432096
1509747664.730914  -1.432096
1509747664.868714  -1.432096
1509747665.005602  -1.432096
1509747665.147668  -1.193489
1509747665.330837  -1.432096
1509747665.468156  -1.193489
1509747665.605261  -1.193489
1509747665.744890  -1.432096
1509747665.880000  -1.193489
1509747666.025636  -1.432096
1509747666.217383  -1.432096
1509747666.354711  -1.193489
1509747666.494542  -1.432096
1509747666.629650  -1.193489
1509747666.769702  -1.432096
1509747666.913642  -1.432096
1509747667.104625  -1.193489
1509747667.242511  -1.193489
1509747667.379411  -1.193489
1509747667.519451  -1.432096
1509747667.654759  -1.193489
1509747667.796507  -1.432096
1509747667.979073  -1.193489
1509747668.119164  -1.193489
1509747668.254445  -1.193489
1509747668.391951  -1.193489
1509747668.529161  -1.193489
1509747668.686699  -1.432096
1509747668.878815  -1.193489
1509747669.009732  -1.193489
1509747669.143851  -1.432096
1509747669.280177  -1.432096
1509747669.419358  -1.193489
1509747669.617700  -1.432096
1509747669.794306  -1.193489
1509747669.934113  -1.193489
1509747670.078187  -1.426156
1509747670.229286  -1.193489
1509747670.369243  -1.426156
1509747670.518302  -1.426156
1509747670.668262  -1.193489
1509747670.807632  -1.432096
1509747670.943668  -1.432096
1509747671.079276  -1.426156
1509747671.254172  -1.193489
1509747671.390322  -1.432096
1509747671.528087  -1.426156
1509747671.663804  -1.193489
1509747671.804096  -1.193489
1509747671.945670  -1.426156
1509747672.128084  -1.432096
1509747672.265601  -1.426156
1509747672.404410  -1.426156
1509747672.542535  -1.432096
1509747672.678105  -1.426156
1509747672.822850  -1.432096
1509747673.018336  -1.432096
1509747673.156915  -1.432096
